386
603
604
702
703
829
830
993
995
1086
1087
1176
1178
2286
2453
2517
2766
3069
3507
3620
3683
3736
3825
3935
3999
4344
4514
4688
4741
6097
6287
6719
7078
7342
7540
7541
7729
7730
8072
8073
8376
8377
8615
8616
8815
8814
8957
8958
9345
9346
9640
9641
9924
9925
10229
10227
10228
10483
10666
10668
10667
11042
11043
11044
11294
11295
11296
11728
12053
12054
12052
22537
22677
22867
23080
23389
23702
23974
24376
25428
25586
25827
26072
26073
26391
26392
983
1677
2017
3243
4389
8328
8666
9136
9632
13675
14158
14302
14456
14824
15793
15989
16305
16596
16927
17284
17453
17620
18265
18563
18836
21657
22058
22732
23241
23276
23497
23599
23637
23818
23937
23975
24109
24272
24311
24528
24617
24648
25000
25164
25203
25519
25839
25934
26287
26377
26725
28510
28800
28912
28970
29873
30050
30229
30289
30456
31026
31361
31566
11800
12234
12335
12597
12719
12928
13052
13221
13315
13644
13724
13909
13998
14181
14272
14446
14531
14771
14880
15193
15296
15451
15543
15727
15814
15970
16126
16127
16569
16570
16798
16799
17081
17082
17320
17321
17532
17533
17778
17779
18046
18047
18246
18247
18478
18479
18650
18651
18896
18897
19124
19128
19376
19387
19607
19618
19850
19861
